42.030844633515116
45.46810590315507
49.545251981528345
46.09805504780516
43.188688384999836
52.76630669669063
51.3472398438458
56.07328581270001
59.15672834762977
67.95268882377088
56.487397111042796
65.53273448014477
58.91088355719735
66.78451732020118
61.57393978592161
66.31992938694512
62.43328903814579
53.41550194860142
61.19640642634321
62.889911423721166
62.52162968426091
62.04409437009026
60.13807576185471
68.9888673980612
51.91729518805915
47.41803603064035
60.1390692379607
55.6676641454806
59.39148865317237
59.40435860217504
96.56597396579005
46.42275419464424
45.85297757232869
47.40159634861336
46.063571720124536
44.666582247748444
43.90568080082979
34.16177822184709
43.105578111676266
48.28463267404909
46.580549418854844
40.21193259677247
35.57130572363488
53.21258511256347
40.734387991901144
31.770891279231144
47.50121759671603
36.62484031075739
47.850954467889885
45.17463604722817
40.54554218066353
34.9940420337417
52.91640773953155
44.7429148320951
51.01386024005315
44.01073858406144
51.096977370100944
44.15239272034024
46.16605705519852
55.041354455468216
96.42905310827335
46.68218997345563
46.1686211600358
59.74734458090657
53.030395394312215
51.31078669932485
51.675833483032676
67.46155391710518
54.113964159486116
67.37002425476769
63.63009999939224
58.314080417362774
53.14321725071312
56.110213299494085
58.537748527080545
63.64300564533587
57.91172374083712
62.69454761851546
60.38251856257179
62.38168831710703
59.05989468069531
60.292933291142994
60.68078782521386
51.84124227493363
52.89031233484934
66.09944391124554
55.167436550397056
57.94478233827181
51.95597585008734
54.890824758656485
102.95480693734932
62.986020242561715
57.75492194434841
48.64790132240035
46.14909345591009
47.14205414000656
49.00989400310353
49.83300392107818
42.8726488008969
50.000159966458945
48.39158069241917
52.06781225957112
43.05747118824409
54.884140785879005
41.14284837865574
39.38029713557949
35.800359690809344
31.60269927988585
39.44976846843508
38.62803852068349
47.75636760816589
36.45859061710882
40.971714090632496
36.16691292940379
46.447119433698134
53.15557817686779
37.37340833127275
43.04031680117178
48.71431477665861
47.553743989156885